
  [
            [
              -70.3779309849316,
              -18.353423185573888
            ],
            [
              -70.21881711983404,
              -19.439080138096116
            ],
            [
              -70.04950811461394,
              -21.563599200537553
            ],
            [
              -70.658871634613,
              -23.134776151908085
            ],
            [
              -70.48058854848793,
              -25.194628262494092
            ],
            [
              -70.81911078596578,
              -26.35475681940632
            ],
            [
              -71.3138966762165,
              -29.35296055829366
            ],
            [
              -71.78050574247351,
              -33.26259331025986
            ],
            [
              -73.36019867035156,
              -37.71055296435949
            ],
            [
              -74.36919928462865,
              -43.17965859758682
            ],
            [
              -75.8026766816908,
              -50.13067045095556
            ],
            [
              -73.13624619101407,
              -53.494068934784714
            ],
            [
              -66.48461156642175,
              -55.045323121320216
            ],
            [
              -64.96726289369616,
              -55.002563517413186
            ],
            [
              -64.944596101978,
              -54.609635096519625
            ],
            [
              -68.47561220389412,
              -52.313351132140966
            ],
            [
              -72.02450285806385,
              -51.953783820163004
            ],
            [
              -72.42612855848304,
              -51.567431414446865
            ],
            [
              -72.40488701803996,
              -51.067897224738644
            ],
            [
              -72.51364966137608,
              -50.64347448093134
            ],
            [
              -73.27883732248202,
              -50.803422628270326
            ],
            [
              -73.41828086857859,
              -50.47618028585045
            ],
            [
              -73.4720090958049,
              -49.74326654450721
            ],
            [
              -73.18996432263305,
              -49.22177020187272
            ],
            [
              -72.9611988140362,
              -48.924508305299995
            ],
            [
              -72.83178339625553,
              -48.934397432651615
            ],
            [
              -72.56754053979694,
              -48.80741794048296
            ],
            [
              -72.62586359052187,
              -48.4907708419117
            ],
            [
              -72.24803120439014,
              -48.326909893826276
            ],
            [
              -72.51407581862986,
              -47.938097165415726
            ],
            [
              -72.5074607141491,
              -47.72233369409471
            ],
            [
              -72.32790641906354,
              -47.44733567103651
            ],
            [
              -71.93851123070147,
              -47.2386195429878
            ],
            [
              -71.9410937037436,
              -46.86781821240386
            ],
            [
              -71.64352285053592,
              -46.67713516437197
            ],
            [
              -71.75187890156617,
              -46.210560910011985
            ],
            [
              -71.88979680101887,
              -46.137072997130765
            ],
            [
              -71.62073064707003,
              -45.98687884124947
            ],
            [
              -71.78009248724557,
              -45.8410586671064
            ],
            [
              -71.76495460728056,
              -45.554107834077534
            ],
            [
              -71.35056791320554,
              -45.28292092304659
            ],
            [
              -71.59376419772791,
              -45.001494484936224
            ],
            [
              -72.0357492100564,
              -44.916189959663576
            ],
            [
              -72.03335913111866,
              -44.78422603755267
            ],
            [
              -71.26639433432369,
              -44.79644248598467
            ],
            [
              -71.1035059104357,
              -44.54943190423072
            ],
            [
              -71.18419589911547,
              -44.45046756142102
            ],
            [
              -71.8190859051313,
              -44.423079145943746
            ],
            [
              -71.62752524919777,
              -43.689659824369116
            ],
            [
              -71.94372963655677,
              -43.39728226200901
            ],
            [
              -71.7605584363926,
              -43.28269130730697
            ],
            [
              -72.11919636643749,
              -42.89605664935402
            ],
            [
              -72.06798456712721,
              -42.56827953489264
            ],
            [
              -72.20151162964689,
              -42.18470470539168
            ],
            [
              -71.75528649265225,
              -42.1098511835784
            ],
            [
              -71.92405903412734,
              -40.76480441130098
            ],
            [
              -71.80338100924922,
              -40.130465985930684
            ],
            [
              -71.8332668628685,
              -40.10531864502852
            ],
            [
              -71.80650923359259,
              -40.08702388501759
            ],
            [
              -71.68417193505425,
              -40.116783100248185
            ],
            [
              -71.65371480894935,
              -39.965780613301035
            ],
            [
              -71.62676214176825,
              -39.93833657168274
            ],
            [
              -71.59690092481695,
              -39.88793257404948
            ],
            [
              -71.6447198789443,
              -39.858108224482265
            ],
            [
              -71.68353024386886,
              -39.85124526010386
            ],
            [
              -71.69852173857566,
              -39.71805471678683
            ],
            [
              -71.6648946881739,
              -39.69239527605429
            ],
            [
              -71.71858789331021,
              -39.64182810830233
            ],
            [
              -71.68712429158174,
              -39.570231384646185
            ],
            [
              -71.59782765908562,
              -39.63219115751668
            ],
            [
              -71.53823700151824,
              -39.62300569635116
            ],
            [
              -71.49967032984394,
              -39.6368245333485
            ],
            [
              -71.47143836184732,
              -39.55457271005914
            ],
            [
              -71.52815080893362,
              -39.53150693939817
            ],
            [
              -71.48642162564072,
              -39.49231931994772
            ],
            [
              -71.45643901161372,
              -39.450779635210004
            ],
            [
              -71.45626239583794,
              -39.36536786521661
            ],
            [
              -71.39608476805265,
              -39.34238890415847
            ],
            [
              -71.38098860524092,
              -39.20621329712006
            ],
            [
              -71.41980320990938,
              -39.159944415708445
            ],
            [
              -71.40480002108166,
              -39.04198086631752
            ],
            [
              -71.44357829261938,
              -38.9317452039014
            ],
            [
              -71.28478493508504,
              -38.859472995546916
            ],
            [
              -71.24275487381145,
              -38.8058405339812
            ],
            [
              -71.20079157892151,
              -38.805806860803735
            ],
            [
              -71.08456139089597,
              -38.76630271896126
            ],
            [
              -70.93479057410835,
              -38.76387607506109
            ],
            [
              -70.89293852734562,
              -38.71257993132933
            ],
            [
              -70.90490144114017,
              -38.67291906113154
            ],
            [
              -70.83320232486733,
              -38.6100200840254
            ],
            [
              -70.86558319410531,
              -38.51751634070992
            ],
            [
              -70.98780551028939,
              -38.43616512707078
            ],
            [
              -71.00272878065074,
              -38.33563910931638
            ],
            [
              -71.01761116485964,
              -38.232583873982314
            ],
            [
              -70.9907479533133,
              -38.197435861647136
            ],
            [
              -71.01756742868936,
              -38.15760388992197
            ],
            [
              -71.04739263026916,
              -38.12008322731092
            ],
            [
              -70.99969381532084,
              -38.08959059958096
            ],
            [
              -71.04144459030613,
              -38.07079989697718
            ],
            [
              -71.07214992015605,
              -37.97044601452314
            ],
            [
              -71.11397851849438,
              -37.94912859693318
            ],
            [
              -71.10802874662821,
              -37.892421688849055
            ],
            [
              -71.15873077007024,
              -37.854543161463894
            ],
            [
              -71.13487947139564,
              -37.82187249022824
            ],
            [
              -71.15878861139703,
              -37.76773290352279
            ],
            [
              -71.21562124480276,
              -37.692104739246446
            ],
            [
              -71.19767833458823,
              -37.628181511974105
            ],
            [
              -71.1378652679445,
              -37.5997694053769
            ],
            [
              -71.11695546617291,
              -37.46242084503636
            ],
            [
              -71.1378652679445,
              -37.43867894322758
            ],
            [
              -71.16176831409237,
              -37.39831071948731
            ],
            [
              -71.19763829831322,
              -37.38637304607051
            ],
            [
              -71.19763571042316,
              -37.36263519733317
            ],
            [
              -71.20958933312086,
              -37.32462275694268
            ],
            [
              -71.2095833225664,
              -37.272353476228105
            ],
            [
              -71.11994504728766,
              -37.21310906859623
            ],
            [
              -71.1378652679445,
              -37.14176361572379
            ],
            [
              -71.09401655628878,
              -37.114260960442145
            ],
            [
              -71.13858883883569,
              -37.06443458193971
            ],
            [
              -71.17453811822861,
              -37.0049274160233
            ],
            [
              -71.20436163528433,
              -36.97398253115262
            ],
            [
              -71.11855103918619,
              -36.968810971404615
            ],
            [
              -71.09488136399871,
              -36.93046832743741
            ],
            [
              -71.14262970555563,
              -36.930488908814326
            ],
            [
              -71.15027117932803,
              -36.89992936077718
            ],
            [
              -71.13229050905547,
              -36.85686922334777
            ],
            [
              -71.16826061131108,
              -36.859295188792196
            ],
            [
              -71.18026235064707,
              -36.83538183987722
            ],
            [
              -71.14429075176282,
              -36.820996092350946
            ],
            [
              -71.1074426138129,
              -36.672507980148985
            ],
            [
              -71.07476188855556,
              -36.71078623827345
            ],
            [
              -71.01207439772115,
              -36.67729064820871
            ],
            [
              -71.0568216274874,
              -36.61026089949368
            ],
            [
              -71.02989387425771,
              -36.476069711004314
            ],
            [
              -70.95232973088454,
              -36.495260798819224
            ],
            [
              -70.90461612015471,
              -36.47126555493366
            ],
            [
              -70.8807586860127,
              -36.40886096347421
            ],
            [
              -70.73752165980272,
              -36.433023990439786
            ],
            [
              -70.67788880855639,
              -36.39479672776012
            ],
            [
              -70.71661575841372,
              -36.33967289871352
            ],
            [
              -70.6927769195766,
              -36.30854851591582
            ],
            [
              -70.7031638155157,
              -36.27329946704093
            ],
            [
              -70.63688290247569,
              -36.243906782658186
            ],
            [
              -70.5738106018261,
              -36.17842615290163
            ],
            [
              -70.5858210581536,
              -36.139757818548524
            ],
            [
              -70.48089370707694,
              -36.17345898838233
            ],
            [
              -70.42402647875569,
              -36.159127652421994
            ],
            [
              -70.41806005918431,
              -36.062426890342294
            ],
            [
              -70.37608279549622,
              -36.04293647542688
            ],
            [
              -70.4120200602813,
              -35.96045342110473
            ],
            [
              -70.3760863827218,
              -35.92652988351224
            ],
            [
              -70.42100625735328,
              -35.916820238886444
            ],
            [
              -70.41503393130978,
              -35.875568670193445
            ],
            [
              -70.31914250821437,
              -35.81240044950561
            ],
            [
              -70.38507318991742,
              -35.780776390988265
            ],
            [
              -70.37608401501772,
              -35.75164369771483
            ],
            [
              -70.4150012327793,
              -35.63515420628903
            ],
            [
              -70.39105853277383,
              -35.61083961031707
            ],
            [
              -70.41196091830585,
              -35.523300194338525
            ],
            [
              -70.3700556488024,
              -35.51609731031267
            ],
            [
              -70.45075537095795,
              -35.46743303300752
            ],
            [
              -70.45373520758305,
              -35.435790823534255
            ],
            [
              -70.44176134490964,
              -35.3870734073551
            ],
            [
              -70.41780542264,
              -35.34807627008312
            ],
            [
              -70.44474062799088,
              -35.321233395308184
            ],
            [
              -70.576345961698,
              -35.28950127960052
            ],
            [
              -70.5494012350994,
              -35.21373380167135
            ],
            [
              -70.37608482497944,
              -35.16990900695716
            ],
            [
              -70.3731250416059,
              -35.05505963582966
            ],
            [
              -70.33461987555525,
              -34.979700768278526
            ],
            [
              -70.24479539952199,
              -34.80342332722623
            ],
            [
              -70.3159334542597,
              -34.75452371155995
            ],
            [
              -70.25675978259017,
              -34.73014555640228
            ],
            [
              -70.2212041457332,
              -34.686100257956596
            ],
            [
              -70.22112512949707,
              -34.62000318215951
            ],
            [
              -70.1557874017425,
              -34.546127819312446
            ],
            [
              -70.12306488240944,
              -34.47115196245601
            ],
            [
              -70.09322879044191,
              -34.48096468563527
            ],
            [
              -70.01858078557528,
              -34.40223983257825
            ],
            [
              -70.02757932413317,
              -34.28643399050429
            ],
            [
              -69.97064244678197,
              -34.24565108714791
            ],
            [
              -69.92023636268179,
              -34.291898893222424
            ],
            [
              -69.88740983890628,
              -34.26982497670915
            ],
            [
              -69.81031458847907,
              -34.2472006423993
            ],
            [
              -69.80438293782633,
              -34.19056481861727
            ],
            [
              -69.86651107963132,
              -34.12197000153723
            ],
            [
              -69.83399813685651,
              -34.08720833569602
            ],
            [
              -69.85175729761795,
              -34.05768641393254
            ],
            [
              -69.82504764827114,
              -34.01813274725563
            ],
            [
              -69.8575512664372,
              -33.96144741785844
            ],
            [
              -69.90208912210399,
              -33.96400626459676
            ],
            [
              -69.85997517913255,
              -33.8873481326571
            ],
            [
              -69.89888532168237,
              -33.84519173478521
            ],
            [
              -69.9084049941745,
              -33.768446851390834
            ],
            [
              -69.81978234738494,
              -33.401916430414964
            ],
            [
              -69.77496320410448,
              -33.35490939941425
            ],
            [
              -69.80131792036384,
              -33.302884220050636
            ],
            [
              -69.89001941921047,
              -33.27558057937052
            ],
            [
              -69.99019943873753,
              -33.317390313978756
            ],
            [
              -70.04378532436077,
              -33.23810166105483
            ],
            [
              -70.08923945716676,
              -33.04135455099194
            ],
            [
              -70.01531964119147,
              -32.98305906386743
            ],
            [
              -70.01381901060529,
              -32.88142209080025
            ],
            [
              -70.13892800425741,
              -32.759040606598916
            ],
            [
              -70.17986361643915,
              -32.601991221880944
            ],
            [
              -70.13054489707542,
              -32.58098955868985
            ],
            [
              -70.14978818640417,
              -32.46678511548055
            ],
            [
              -70.22943490483001,
              -32.41158585625281
            ],
            [
              -70.23981679177106,
              -32.305864331328465
            ],
            [
              -70.32517876179567,
              -32.27205927506002
            ],
            [
              -70.35955831368,
              -32.08892764724766
            ],
            [
              -70.36953011804584,
              -32.03357064763721
            ],
            [
              -70.28502578943946,
              -32.05137996402232
            ],
            [
              -70.21586135068486,
              -31.959977809854898
            ],
            [
              -70.30108007030218,
              -31.885294717453235
            ],
            [
              -70.46273137526426,
              -31.84760560690222
            ],
            [
              -70.46778872428915,
              -31.73097052394307
            ],
            [
              -70.56883079835443,
              -31.58457838515443
            ],
            [
              -70.51838051711034,
              -31.170739212611906
            ],
            [
              -70.45766806308492,
              -31.084142162512002
            ],
            [
              -70.39700280976456,
              -31.153333118517892
            ],
            [
              -70.35657093686939,
              -31.075404712132332
            ],
            [
              -70.2858518488204,
              -31.040748492964433
            ],
            [
              -70.31621917847339,
              -30.923787776029243
            ],
            [
              -70.2154027204884,
              -30.485514877800036
            ],
            [
              -70.10984219137356,
              -30.4296610976846
            ],
            [
              -70.1449312105181,
              -30.33791300460743
            ],
            [
              -70.03426765144035,
              -30.394946239874592
            ],
            [
              -69.92332180653341,
              -30.364451537787126
            ],
            [
              -69.8229098679552,
              -30.142916637291684
            ],
            [
              -69.96758853906503,
              -30.076956826538527
            ],
            [
              -69.89190648776413,
              -29.718203647733503
            ],
            [
              -70.01295903154802,
              -29.331869952112157
            ],
            [
              -69.95248138826123,
              -29.19094750461643
            ],
            [
              -69.81187457026891,
              -29.1118058830967
            ],
            [
              -69.63570904344563,
              -28.414692260429817
            ],
            [
              -69.43366614395147,
              -28.192215356673543
            ],
            [
              -69.17064825690882,
              -27.955693190200243
            ],
            [
              -68.81127973036936,
              -27.112066580830692
            ],
            [
              -68.64445679723539,
              -27.152196448329306
            ],
            [
              -68.27952802887327,
              -26.913584459061944
            ],
            [
              -68.59402178318281,
              -26.488486137088508
            ],
            [
              -68.56374537681675,
              -26.285205482826335
            ],
            [
              -68.40223880199953,
              -26.167653189107803
            ],
            [
              -68.58226293902965,
              -25.431236179281342
            ],
            [
              -68.51199330532019,
              -25.136028026009086
            ],
            [
              -68.35110490743412,
              -25.108837947260284
            ],
            [
              -68.58264721023735,
              -24.785337909673572
            ],
            [
              -68.49667635203062,
              -24.634919384596927
            ],
            [
              -68.27834913646414,
              -24.40165416532072
            ],
            [
              -67.31282215621533,
              -24.0346837854281
            ],
            [
              -67.01002174565797,
              -23.009429280748577
            ],
            [
              -67.20720699966962,
              -22.802925316472113
            ],
            [
              -67.58251962782624,
              -22.908803510650756
            ],
            [
              -67.80184874684592,
              -22.867720957523844
            ],
            [
              -67.90096961240097,
              -22.80367815516638
            ],
            [
              -67.87889799055787,
              -22.53476107946534
            ],
            [
              -67.95147313750607,
              -22.10965963485252
            ],
            [
              -68.0673837120156,
              -21.964656891251025
            ],
            [
              -68.06773289789483,
              -21.76020843018898
            ],
            [
              -68.18694654330913,
              -21.607229834917405
            ],
            [
              -68.19734304816369,
              -21.285779412447738
            ],
            [
              -68.41678400006835,
              -20.940363083069187
            ],
            [
              -68.53674554332119,
              -20.916953645921907
            ],
            [
              -68.58172098477621,
              -20.73908428161228
            ],
            [
              -68.45648397285856,
              -20.635998960585837
            ],
            [
              -68.74665597826902,
              -20.45284121550789
            ],
            [
              -68.70245145479181,
              -20.143914826379557
            ],
            [
              -68.77779585400805,
              -20.084954486970545
            ],
            [
              -68.5669666247847,
              -20.042814859300535
            ],
            [
              -68.54123498061819,
              -19.915842808431492
            ],
            [
              -68.70243607225439,
              -19.75087490420637
            ],
            [
              -68.42003870395727,
              -19.415394355655934
            ],
            [
              -68.90284437770072,
              -19.037992469091662
            ],
            [
              -68.94278910699447,
              -18.90535966933686
            ],
            [
              -69.02278066316588,
              -18.483388394544505
            ],
            [
              -69.07364390135142,
              -18.245676581056856
            ],
            [
              -69.14870582296214,
              -18.145880170082762
            ],
            [
              -69.07885068368994,
              -18.069810505133432
            ],
            [
              -69.1386313931601,
              -18.012732849751615
            ],
            [
              -69.30318427151163,
              -17.9603191152422
            ],
            [
              -69.31311891795856,
              -17.845970085562087
            ],
            [
              -69.34277262547593,
              -17.726604860885786
            ],
            [
              -69.45286422580949,
              -17.640620369422862
            ],
            [
              -69.48302628844682,
              -17.521314383055383
            ],
            [
              -69.67876578265341,
              -17.66020210008557
            ],
            [
              -69.78414645264824,
              -17.651117411153606
            ],
            [
              -69.82875707469617,
              -17.707663456310698
            ],
            [
              -69.83356105983462,
              -17.79324865050654
            ],
            [
              -69.79858610817145,
              -17.850596309971536
            ],
            [
              -69.76353387618862,
              -17.95547919143982
            ],
            [
              -69.7633496882877,
              -18.09840411269805
            ],
            [
              -70.17537613099726,
              -18.329088168629582
            ],
            [
              -70.3171664006969,
              -18.300547086805466
            ],
            [
              -70.3779309849316,
              -18.353423185573888
            ]
          ]